   -0.024   -0.018    0.090    0.000   -0.001    0.001;
    0.031    0.014   -0.032   -0.002   -0.001    0.000;
    0.016   -0.027   -0.032   -0.001    0.002    0.001;
    0.016   -0.027    0.049   -0.002    0.003   -0.001;
    0.017   -0.010    0.008    0.000    0.001    0.000;
    0.016   -0.027   -0.032   -0.002   -0.001   -0.001;
    0.002    0.014   -0.073   -0.001    0.000   -0.000;
    0.031   -0.001    0.009   -0.001   -0.001   -0.001;
    0.003    0.031    0.009   -0.001   -0.001   -0.001;
    0.003   -0.001   -0.033    0.000   -0.001   -0.001;
    0.002   -0.019   -0.073   -0.002   -0.002   -0.001;
    0.030    0.013    0.091   -0.004    0.002   -0.002;
    0.002   -0.003    0.009   -0.002    0.001    0.001;
    0.002    0.014   -0.032   -0.002   -0.001   -0.000;
    0.003   -0.002    0.008    0.000    0.001    0.001;
    0.016    0.006   -0.114   -0.001   -0.002   -0.001;
    0.017    0.008   -0.074    0.002    0.000   -0.001;
    0.044   -0.010    0.009   -0.001    0.004    0.000;
    0.006   -0.014   -0.075    0.008   -0.005   -0.001;
    0.431    0.169   -0.517   -0.021    0.056    0.005;
    0.472    0.223   -0.311   -0.030    0.059    0.002;
    0.312    0.436   -0.757   -0.051    0.043    0.001;
    0.320    0.679   -0.751   -0.077    0.045   -0.000;
    0.124    0.805   -0.750   -0.088    0.026   -0.002;
   -0.032    0.714   -0.630   -0.074   -0.004   -0.002;
    0.010    0.562   -0.918   -0.063   -0.001    0.003;
    0.422    0.707   -1.201   -0.082    0.069    0.007;
    0.542    0.671   -1.490   -0.068    0.097    0.010;
    0.658    0.425   -1.947   -0.031    0.103    0.011;
    0.554    0.458   -1.987   -0.047    0.104    0.010;
    0.618    0.557   -2.187   -0.065    0.107    0.009;
    0.643    0.744   -2.752   -0.103    0.116    0.009;
    0.648    0.829   -3.160   -0.113    0.126    0.008;
    0.649    0.766   -3.365   -0.107    0.122    0.009;
    0.689    0.772   -3.487   -0.113    0.122    0.006;
    0.720    0.853   -3.892   -0.134    0.128    0.002;
    0.746    0.835   -4.177   -0.138    0.123    0.001;
    0.843    0.732   -4.300   -0.131    0.130   -0.001;
    0.918    0.677   -4.626   -0.141    0.144   -0.005;
    0.911    0.739   -4.993   -0.151    0.146   -0.007;
    0.937    0.705   -5.156   -0.153    0.147   -0.008;
    1.074    0.693   -5.566   -0.144    0.160   -0.005;
    1.074    0.604   -5.735   -0.107    0.143   -0.002;
    0.708    0.550   -5.983   -0.114    0.116   -0.006;
    0.795    0.613   -6.346   -0.137    0.125   -0.006;
    0.966    0.661   -6.627   -0.159    0.143   -0.009;
    1.143    0.616   -6.788   -0.168    0.156   -0.010;
    1.142    0.728   -6.908   -0.176    0.150   -0.009;
    1.036    0.856   -7.231   -0.200    0.144   -0.008;
    1.049    0.926   -7.433   -0.209    0.141   -0.003;
    0.927    0.809   -7.723   -0.194    0.124   -0.003;
    0.741    0.591   -8.015   -0.167    0.095   -0.002;
    0.834    0.597   -8.340   -0.174    0.099   -0.005;
    1.051    0.610   -8.378   -0.184    0.119   -0.009;
    1.072    0.710   -8.779   -0.218    0.107   -0.008;
    0.979    0.893   -9.305   -0.249    0.095   -0.008;
    0.942    1.063   -9.587   -0.271    0.098   -0.006;
    1.023    1.076   -9.747   -0.281    0.098   -0.009;
    1.046    0.875  -10.074   -0.287    0.099   -0.008;
    1.066    0.886  -10.767   -0.300    0.098   -0.011;
    1.038    0.803  -10.890   -0.300    0.092   -0.010;
    1.081    0.668  -11.136   -0.291    0.087   -0.012;
    1.251    0.243  -11.186   -0.236    0.083   -0.013;
    1.215    0.347  -11.427   -0.260    0.080   -0.018;
    1.205    0.783  -11.945   -0.331    0.088   -0.020;
    1.293    0.929  -12.064   -0.352    0.105   -0.022;
    1.207    0.800  -11.700   -0.331    0.088   -0.019;
    0.944    0.960  -12.021   -0.371    0.072   -0.021;
    1.012    1.029  -12.426   -0.401    0.087   -0.029;
    1.240    0.808  -12.509   -0.382    0.098   -0.026;
    1.078    0.667  -12.555   -0.365    0.082   -0.024;
    0.997    0.774  -12.590   -0.399    0.085   -0.028;
    1.038    0.887  -12.869   -0.440    0.090   -0.034;
    1.156    0.834  -12.986   -0.465    0.100   -0.034;
    1.047    0.741  -13.112   -0.451    0.090   -0.034;
    0.906    0.722  -13.195   -0.455    0.079   -0.035;
    1.061    0.761  -13.599   -0.478    0.097   -0.040;
    1.154    0.654  -13.722   -0.478    0.111   -0.044;
    1.199    0.473  -13.849   -0.461    0.111   -0.046;
    1.150    0.409  -14.338   -0.473    0.106   -0.045;
    1.009    0.677  -14.740   -0.515    0.104   -0.046;
    1.058    0.848  -14.939   -0.537    0.105   -0.050;
    1.126    0.805  -14.938   -0.542    0.112   -0.052;
    1.017    0.902  -15.509   -0.560    0.111   -0.049;
    0.911    1.001  -16.079   -0.575    0.104   -0.047;
    0.919    0.798  -15.798   -0.551    0.104   -0.048;
    1.012    0.500  -15.803   -0.522    0.102   -0.048;
    0.966    0.536  -16.087   -0.531    0.097   -0.047;
    1.015    0.784  -16.773   -0.581    0.110   -0.049;
    1.122    0.830  -16.894   -0.588    0.122   -0.049;
    1.190    0.616  -16.613   -0.556    0.117   -0.049;
    1.079    0.583  -16.859   -0.555    0.102   -0.048;
    1.014    0.975  -17.585   -0.613    0.108   -0.051;
    1.157    1.170  -17.825   -0.636    0.128   -0.054;
    1.296    1.092  -17.417   -0.615    0.122   -0.051;
    1.213    0.920  -17.342   -0.578    0.101   -0.049;
    1.060    0.899  -17.672   -0.569    0.088   -0.047;
    0.982    1.077  -17.752   -0.587    0.097   -0.045;
    1.015    0.919  -17.631   -0.575    0.094   -0.044;
    0.979    0.696  -17.516   -0.526    0.070   -0.040;
    0.889    0.630  -17.601   -0.509    0.052   -0.037;
    0.801    0.727  -17.889   -0.509    0.055   -0.037;
    0.870    0.735  -17.724   -0.513    0.059   -0.040;
    1.015    0.563  -17.645   -0.494    0.068   -0.038;
    0.949    0.512  -17.893   -0.481    0.055   -0.037;
    0.919    0.659  -17.975   -0.482    0.059   -0.038;
    0.886    0.715  -17.735   -0.452    0.057   -0.040;
    1.008    0.682  -17.618   -0.418    0.063   -0.036;
    0.943    0.699  -17.785   -0.400    0.054   -0.036;
    0.883    0.851  -17.626   -0.373    0.048   -0.032;
    0.936    0.793  -17.386   -0.342    0.049   -0.031;
    0.971    0.823  -17.309   -0.313    0.052   -0.032;
    0.967    0.752  -17.277   -0.271    0.054   -0.028;
    0.893    0.699  -17.119   -0.244    0.044   -0.029;
    0.976    0.815  -17.200   -0.244    0.051   -0.029;
    0.994    0.878  -16.997   -0.234    0.052   -0.031;
    0.959    0.764  -16.797   -0.213    0.048   -0.030;
    0.868    0.827  -16.717   -0.201    0.037   -0.028;
    0.903    0.818  -16.595   -0.188    0.029   -0.026;
    0.853    0.761  -16.477   -0.169    0.025   -0.027;
    0.800    0.845  -16.681   -0.165    0.011   -0.025;
    0.774    0.834  -16.603   -0.153    0.017   -0.026;
    0.864    0.696  -16.565   -0.135    0.017   -0.028;
    0.874    0.640  -16.567   -0.116   -0.001   -0.025;
    0.859    0.572  -16.652   -0.089   -0.021   -0.022;
    0.887    0.516  -16.494   -0.053   -0.032   -0.020;
    0.909    0.630  -16.536   -0.054   -0.013   -0.021;
    0.869    0.644  -16.703   -0.039   -0.015   -0.021;
    0.816    0.506  -16.627   -0.002   -0.036   -0.014;
    0.861    0.619  -16.546    0.009   -0.033   -0.014;
    0.874    0.695  -16.385    0.016   -0.018   -0.014;
    0.861    0.851  -16.343    0.015   -0.019   -0.012;
    0.762    0.753  -16.187    0.052   -0.032   -0.009;
    0.768    0.633  -16.192    0.077   -0.032   -0.008;
    0.852    0.603  -16.234    0.083   -0.024   -0.007;
    0.759    0.660  -16.192    0.082   -0.039   -0.003;
    0.664    0.738  -16.357    0.090   -0.051   -0.001;
    0.699    0.566  -16.319    0.109   -0.056   -0.002;
    0.803    0.596  -16.074    0.119   -0.054    0.002;
    0.748    0.664  -16.320    0.123   -0.061    0.003;
    0.686    0.648  -16.363    0.139   -0.080    0.003;
    0.729    0.707  -16.159    0.140   -0.074   -0.000;
    0.798    0.781  -16.240    0.139   -0.070   -0.000;
    0.763    0.668  -16.163    0.163   -0.074    0.002;
    0.684    0.641  -16.206    0.174   -0.085    0.001;
    0.729    0.606  -16.249    0.187   -0.085    0.000;
    0.745    0.635  -16.169    0.195   -0.081    0.000;
    0.787    0.711  -16.169    0.198   -0.076   -0.000;
    0.730    0.589  -16.258    0.235   -0.094    0.001;
    0.737    0.515  -16.179    0.254   -0.098    0.002;
    0.747    0.668  -16.136    0.245   -0.091    0.002;
    0.712    0.807  -16.256    0.228   -0.087    0.002;
    0.723    0.786  -16.136    0.250   -0.099    0.003;
    0.645    0.644  -16.017    0.264   -0.108    0.003;
    0.685    0.665  -16.015    0.255   -0.108   -0.000;
    0.734    0.744  -16.341    0.248   -0.100   -0.001;
    0.751    0.568  -16.062    0.292   -0.110    0.002;
    0.704    0.510  -16.064    0.308   -0.127    0.005;
    0.673    0.651  -16.061    0.292   -0.130    0.004;
    0.753    0.714  -16.100    0.284   -0.122    0.002;
    0.765    0.616  -15.943    0.320   -0.124    0.006;
    0.674    0.584  -15.947    0.340   -0.134    0.009;
    0.616    0.629  -16.028    0.332   -0.138    0.008;
    0.616    0.676  -16.026    0.325   -0.145    0.005;
    0.759    0.645  -15.901    0.325   -0.145    0.005;
    0.725    0.701  -15.979    0.304   -0.146    0.002;
    0.632    0.705  -16.099    0.281   -0.146   -0.000;
    0.634    0.575  -16.263    0.283   -0.156   -0.002;
    0.731    0.536  -15.977    0.286   -0.141   -0.007;
    0.695    0.607  -16.137    0.262   -0.141   -0.006;
    0.685    0.692  -16.255    0.236   -0.134   -0.008;
    0.735    0.733  -16.251    0.217   -0.126   -0.010;
    0.763    0.873  -16.327    0.183   -0.110   -0.011;
    0.775    0.952  -16.444    0.145   -0.093   -0.015;
    0.794    0.939  -16.562    0.118   -0.086   -0.013;
    0.785    0.908  -16.598    0.089   -0.083   -0.014;
    0.856    0.907  -16.591    0.052   -0.068   -0.018;
    0.835    0.997  -16.788    0.001   -0.052   -0.024;
    0.872    0.847  -16.866   -0.035   -0.029   -0.031;
    0.881    0.767  -16.865   -0.062    0.003   -0.041;
    1.032    0.565  -17.072   -0.066    0.049   -0.049;
    1.101    0.385  -17.160   -0.056    0.098   -0.056;
    1.034    0.451  -17.084   -0.051    0.131   -0.062;
    0.920    0.636  -16.722   -0.037    0.152   -0.062;
    0.841    0.647  -15.086   -0.033    0.138   -0.059;
    0.572    1.178  -17.250   -0.064    0.150   -0.045;
    0.498    0.644  -16.449    0.012    0.144   -0.044;
    0.595    0.713  -16.485   -0.003    0.140   -0.045;
    0.558    0.643  -16.405    0.006    0.136   -0.042;
    0.627    0.693  -16.604   -0.010    0.127   -0.035;
    0.749    0.424  -16.605    0.022    0.090   -0.025;
    0.945    0.067  -16.483    0.060    0.048   -0.014;
    1.065    0.101  -16.559    0.072    0.004   -0.000;
    0.992    0.070  -16.678    0.086   -0.063    0.012;
    1.038    0.158  -16.674    0.090   -0.105    0.020;
    1.144    0.383  -16.261    0.103   -0.140    0.027;
    1.117    0.297  -16.104    0.159   -0.180    0.035;
    1.002    0.238  -15.947    0.205   -0.222    0.038;
    0.939    0.258  -15.788    0.243   -0.252    0.043;
    0.928    0.242  -15.832    0.272   -0.284    0.042;
    0.973    0.358  -15.875    0.302   -0.312    0.042;
    0.989    0.374  -15.918    0.330   -0.339    0.044;
    1.167    0.338  -15.920    0.353   -0.343    0.044;
    1.221    0.266  -15.966    0.390   -0.350    0.045;
    1.335    0.160  -15.969    0.422   -0.367    0.050;
    1.354    0.013  -16.094    0.452   -0.404    0.053;
    1.321    0.137  -16.172    0.450   -0.432    0.058;
    1.257    0.424  -16.047    0.445   -0.452    0.058;
    1.262    0.381  -15.927    0.459   -0.452    0.060;
    1.250    0.224  -15.926    0.457   -0.459    0.061;
    1.384    0.220  -16.045    0.457   -0.479    0.061;
    1.366    0.303  -15.878    0.453   -0.510    0.058;
    1.213    0.538  -15.672    0.444   -0.523    0.055;
    1.346    0.454  -15.794    0.441   -0.504    0.051;
    1.477    0.296  -15.912    0.429   -0.524    0.049;
    1.542    0.202  -15.788    0.436   -0.541    0.050;
    1.492    0.187  -15.502    0.441   -0.547    0.054;
    1.453    0.099  -15.666    0.445   -0.561    0.056;
    1.499    0.139  -15.703    0.436   -0.578    0.052;
    1.500    0.201  -15.537    0.427   -0.583    0.051;
    1.294    0.211  -15.337    0.422   -0.562    0.054;
    1.509    0.158  -15.946    0.424   -0.581    0.054;
    1.470    0.244  -15.819    0.410   -0.600    0.051;
    1.402    0.234  -15.574    0.407   -0.605    0.050;
    1.402    0.154  -15.657    0.413   -0.603    0.050;
    1.412    0.065  -15.782    0.418   -0.594    0.047;
    1.442   -0.035  -15.984    0.411   -0.610    0.047;
    1.545   -0.008  -15.737    0.412   -0.612    0.046;
    1.375    0.136  -15.411    0.410   -0.603    0.051;
    1.378    0.056  -15.657    0.414   -0.616    0.052;
    1.636   -0.072  -15.897    0.412   -0.629    0.050;
    1.522    0.084  -15.649    0.394   -0.636    0.047;
    1.265    0.118  -15.411    0.406   -0.620    0.047;
    1.163    0.051  -15.338    0.430   -0.595    0.048;
    1.302   -0.108  -15.544    0.441   -0.583    0.047;
    1.312    0.014  -15.462    0.436   -0.572    0.045;
    1.174    0.169  -15.306    0.445   -0.531    0.043;
    1.312    0.120  -15.765    0.471   -0.472    0.040;
    1.393    0.353  -15.807    0.476   -0.456    0.037;
    1.220    0.388  -15.527    0.487   -0.434    0.035;
    1.106    0.469  -15.419    0.506   -0.335    0.036;
    1.106    1.267  -15.917    0.467   -0.159    0.037;
    1.024    1.422  -15.841    0.472   -0.123    0.031;
    0.803    0.792  -15.209    0.559   -0.110    0.034;
    0.925    1.002  -15.376    0.557   -0.055    0.029;
    0.882    1.581  -15.538    0.507    0.035    0.024;
    0.816    1.519  -15.546    0.524    0.070    0.023;
    0.878    1.105  -15.593    0.556    0.076    0.027;
    0.890    1.227  -15.511    0.555    0.087    0.030;
    0.806    1.483  -15.590    0.527    0.103    0.028;
    0.716    1.710  -15.755    0.508    0.138    0.020;
    0.716    1.809  -15.797    0.497    0.172    0.017;
    0.694    1.766  -15.758    0.495    0.191    0.012;
    0.757    1.675  -15.761    0.499    0.218    0.013;
    0.777    1.734  -15.678    0.486    0.234    0.011;
    0.696    2.006  -16.040    0.438    0.258    0.003;
    0.671    2.129  -16.075    0.390    0.291   -0.005;
    0.751    1.864  -16.035    0.388    0.305   -0.006;
    0.753    1.679  -15.951    0.379    0.293   -0.006;
    0.756    1.750  -16.025    0.337    0.294   -0.007;
    0.696    1.794  -16.381    0.275    0.288   -0.011;
    0.743    1.712  -16.374    0.238    0.288   -0.013;
    0.741    1.474  -16.411    0.221    0.276   -0.015;
    0.731    1.511  -16.357    0.158    0.262   -0.016;
    0.772    1.548  -16.467    0.097    0.264   -0.015;
    0.690    1.628  -16.863    0.037    0.239   -0.015;
    0.605    1.647  -16.693    0.006    0.221   -0.016;
    0.590    1.469  -16.528   -0.006    0.213   -0.021;
    0.725    1.324  -16.683   -0.039    0.208   -0.021;
    0.753    1.183  -16.596   -0.059    0.196   -0.018;
    0.683    1.145  -16.630   -0.088    0.172   -0.015;
    0.573    1.204  -16.544   -0.105    0.150   -0.014;
    0.571    1.077  -16.702   -0.130    0.133   -0.013;
    0.651    0.695  -16.415   -0.124    0.118   -0.010;
    0.438    0.613  -16.577   -0.125    0.069   -0.005;
    0.528    0.698  -16.615   -0.124    0.057   -0.003;
    0.504    0.558  -16.415   -0.093    0.031   -0.002;
    0.444    0.604  -16.332   -0.086    0.007    0.003;
    0.414    0.482  -16.094   -0.036   -0.030    0.003;
    0.362    0.335  -15.450    0.031   -0.064    0.004;
    0.318    0.429  -15.412    0.054   -0.082    0.006;
    0.267    0.579  -15.248    0.055   -0.092    0.004;
    0.246    0.683  -14.677    0.062   -0.096    0.001;
    0.230    0.438  -13.991    0.103   -0.089   -0.005;
    0.264   -0.160  -12.987    0.181   -0.071   -0.008;
    0.420   -0.296  -11.804    0.192   -0.032   -0.012;
    0.403   -0.118  -10.127    0.171    0.008   -0.016;
    0.226   -0.342   -7.762    0.192    0.020   -0.011;
    0.173   -0.646   -5.678    0.195    0.024   -0.007;
    0.256   -0.943   -3.628    0.174    0.029   -0.005;
    0.251   -0.346   -2.908    0.060    0.030    0.005;
    0.074   -0.139   -0.573    0.054   -0.017    0.001;
    0.208    0.347   -0.558   -0.013    0.007    0.008;
