   -0.015   -0.009   -0.082   -0.001   -0.001   -0.000;
   -0.000   -0.000    0.041    0.000    0.002    0.000;
    0.013   -0.009    0.041   -0.003    0.002   -0.002;
   -0.029   -0.000   -0.000    0.000    0.000    0.000;
   -0.013    0.008    0.041    0.000   -0.003    0.001;
    0.001   -0.016    0.081    0.002    0.001    0.001;
   -0.001   -0.016   -0.041    0.002    0.001   -0.001;
   -0.000   -0.016   -0.000    0.000    0.000   -0.001;
    0.013   -0.009    0.000   -0.001    0.003   -0.000;
   -0.042    0.007    0.041   -0.001   -0.001    0.001;
   -0.001   -0.001    0.001   -0.003    0.000    0.000;
   -0.015   -0.009   -0.082   -0.001   -0.001   -0.000;
    0.014   -0.025    0.041    0.000    0.002    0.000;
   -0.000   -0.000    0.041    0.000    0.002    0.000;
   -0.012   -0.008    0.163    0.002   -0.000   -0.000;
    0.000   -0.033   -0.041    0.000   -0.001   -0.000;
   -0.000   -0.015   -0.164    0.003   -0.002   -0.001;
    0.001   -0.047   -0.001    0.004   -0.002   -0.001;
   -0.038   -0.084   -0.003    0.014   -0.005   -0.001;
   -0.064   -0.097   -0.086    0.021   -0.010   -0.002;
   -0.022   -0.105   -0.168    0.021   -0.009   -0.001;
    0.002   -0.014    0.040    0.004   -0.001    0.001;
   -0.001   -0.016   -0.041    0.002    0.001   -0.001;
   -0.027   -0.017    0.082    0.000   -0.001    0.001;
   -0.014    0.008    0.041    0.000    0.002    0.001;
   -0.030   -0.018   -0.000   -0.001    0.003    0.001;
    0.015   -0.008    0.082    0.000   -0.001   -0.000;
   -0.000   -0.017    0.041    0.000    0.002   -0.001;
   -0.029   -0.018   -0.000   -0.003    0.000   -0.001;
    0.015    0.008    0.042   -0.001   -0.001    0.001;
   -0.000   -0.016   -0.000    0.000    0.000   -0.001;
   -0.015    0.008    0.040    0.000    0.002   -0.001;
   -0.016   -0.009   -0.082    0.000    0.002   -0.000;
    0.029    0.000   -0.040    0.000   -0.001    0.000;
   -0.000    0.016    0.041   -0.001   -0.001   -0.002;
   -0.001    0.031    0.042   -0.004   -0.001   -0.001;
   -0.001   -0.001   -0.041   -0.001    0.001   -0.001;
   -0.014   -0.025   -0.000    0.000    0.000    0.000;
   -0.002   -0.001   -0.001    0.000    0.005    0.000;
   -0.000   -0.001    0.082   -0.001    0.001   -0.001;
    0.000   -0.001    0.082   -0.001    0.001    0.000;
   -0.016    0.008   -0.123    0.000    0.000   -0.001;
   -0.015    0.007   -0.041   -0.001    0.001   -0.001;
   -0.014   -0.025   -0.000    0.000    0.000    0.000;
   -0.013   -0.024    0.040    0.002   -0.001    0.000;
   -0.000   -0.017    0.041    0.000    0.002   -0.001;
   -0.030   -0.001   -0.041   -0.001    0.001    0.000;
   -0.029   -0.033   -0.001    0.000    0.000   -0.000;
    0.013    0.023   -0.040   -0.004    0.001    0.000;
    0.013   -0.011    0.001   -0.004    0.003    0.002;
   -0.002    0.015   -0.081   -0.003    0.002   -0.000;
    0.052    0.061   -0.161   -0.011    0.003   -0.000;
    0.023    0.157   -0.159   -0.018    0.001   -0.001;
   -0.005    0.124   -0.160   -0.017   -0.002   -0.001;
    0.011    0.085   -0.079   -0.013   -0.001   -0.000;
    0.026    0.064   -0.122   -0.004    0.003   -0.000;
    0.013    0.007    0.001   -0.003    0.000   -0.001;
    0.000    0.015    0.001   -0.004   -0.002    0.001;
   -0.045    0.018   -0.161   -0.014   -0.007    0.000;
   -0.017    0.067   -0.078   -0.015   -0.006    0.000;
    0.040    0.102   -0.160   -0.012   -0.004    0.001;
    0.008    0.052   -0.325   -0.011    0.002   -0.001;
    0.008    0.068   -0.365   -0.014   -0.000    0.000;
    0.114    0.131   -0.650   -0.020    0.013    0.001;
    0.242    0.312   -0.928   -0.054    0.025    0.003;
    0.248    0.507   -1.127   -0.079    0.027    0.003;
    0.151    0.597   -1.495   -0.079    0.011    0.004;
    0.116    0.437   -1.827   -0.053   -0.002    0.006;
    0.360    0.500   -2.152   -0.059    0.024    0.009;
    0.499    0.310   -2.237   -0.042    0.040    0.009;
    0.516    0.108   -2.361   -0.032    0.038    0.011;
    0.540   -0.054   -3.058   -0.024    0.039    0.015;
    0.524   -0.175   -3.428   -0.018    0.038    0.017;
    0.443   -0.302   -3.798   -0.008    0.020    0.016;
    0.380   -0.336   -4.332   -0.006    0.026    0.019;
    0.390   -0.391   -4.866    0.002    0.029    0.020;
    0.247   -0.204   -5.269   -0.023    0.002    0.020;
    0.348   -0.115   -5.715   -0.043    0.017    0.021;
    0.607   -0.046   -5.792   -0.056    0.041    0.022;
    0.657    0.014   -5.953   -0.068    0.047    0.021;
    0.479    0.116   -6.400   -0.092    0.040    0.023;
    0.318    0.118   -6.850   -0.102    0.034    0.025;
    0.264    0.024   -7.180   -0.092    0.023    0.025;
    0.149   -0.231   -7.147   -0.053    0.012    0.029;
    0.246   -0.254   -7.393   -0.051    0.017    0.029;
    0.317   -0.006   -7.835   -0.083    0.026    0.030;
    0.380   -0.017   -8.243   -0.089    0.033    0.026;
    0.334   -0.183   -8.209   -0.058    0.025    0.029;
    0.322   -0.249   -8.417   -0.039    0.024    0.029;
    0.334   -0.193   -8.458   -0.041    0.030    0.029;
    0.403   -0.247   -8.785   -0.036    0.029    0.029;
    0.381   -0.306   -8.747   -0.022    0.021    0.030;
    0.407   -0.420   -8.381   -0.004    0.009    0.030;
    0.447   -0.394   -8.872    0.001    0.011    0.035;
    0.488   -0.284   -9.076    0.005    0.015    0.036;
    0.532   -0.259   -8.953    0.006    0.018    0.037;
    0.563   -0.270   -9.403    0.016    0.006    0.041;
    0.558   -0.304   -9.292    0.082   -0.008    0.047;
    0.654   -0.415   -9.164    0.076   -0.047    0.034;
    0.468   -0.162   -9.412    0.079   -0.043    0.046;
    0.469   -0.130   -9.615    0.078   -0.049    0.050;
    0.522   -0.100   -9.858    0.070   -0.049    0.049;
    0.566   -0.187   -9.819    0.079   -0.045    0.050;
    0.493   -0.232  -10.227    0.071   -0.057    0.050;
    0.509   -0.285  -10.310    0.080   -0.060    0.051;
    0.477   -0.516  -10.230    0.097   -0.077    0.054;
    0.550   -0.570  -10.393    0.102   -0.084    0.055;
    0.591   -0.443  -10.190    0.122   -0.095    0.058;
    0.521   -0.492  -10.033    0.156   -0.112    0.060;
    0.535   -0.752  -10.039    0.195   -0.130    0.057;
    0.533   -0.642  -10.118    0.183   -0.133    0.056;
    0.579   -0.513   -9.997    0.193   -0.130    0.058;
    0.447   -0.573  -10.122    0.206   -0.153    0.061;
    0.532   -0.545  -10.360    0.184   -0.183    0.045;
    0.542   -0.412  -10.285    0.225   -0.172    0.058;
    0.628   -0.375  -10.204    0.232   -0.166    0.058;
    0.574   -0.372  -10.287    0.239   -0.171    0.060;
    0.565   -0.443  -10.369    0.245   -0.185    0.058;
    0.647   -0.563  -10.336    0.287   -0.183    0.065;
    0.658   -0.763  -10.258    0.316   -0.194    0.065;
    0.654   -0.923  -10.467    0.324   -0.188    0.058;
    0.645   -0.717  -10.668    0.323   -0.204    0.063;
    0.769   -0.546  -10.665    0.316   -0.196    0.061;
    0.821   -0.403  -10.703    0.303   -0.190    0.059;
    0.859   -0.357  -10.992    0.312   -0.182    0.053;
    0.738   -0.133  -10.829    0.316   -0.193    0.055;
    1.042   -0.278  -10.992    0.318   -0.170    0.050;
    1.045   -0.151  -11.069    0.293   -0.158    0.048;
    1.228    0.082  -11.185    0.262   -0.134    0.046;
    1.237    0.196  -11.099    0.243   -0.128    0.047;
    1.265    0.274  -11.219    0.219   -0.106    0.047;
    1.447    0.451  -11.618    0.162   -0.064    0.045;
    1.528    0.428  -11.533    0.135   -0.029    0.043;
    1.471    0.430  -11.608    0.091   -0.020    0.045;
    1.386    0.590  -11.924    0.016   -0.002    0.041;
    1.344    0.806  -11.993   -0.062    0.022    0.036;
    1.447    1.034  -12.137   -0.169    0.056    0.033;
    1.518    1.059  -12.290   -0.236    0.086    0.028;
    1.430    0.721  -12.045   -0.249    0.088    0.032;
    1.405    0.556  -12.249   -0.262    0.102    0.030;
    1.422    0.591  -12.285   -0.291    0.113    0.029;
    1.410    0.676  -12.405   -0.316    0.130    0.029;
    1.414    0.773  -12.646   -0.337    0.137    0.030;
    1.375    0.654  -12.486   -0.324    0.141    0.030;
    1.457    0.626  -12.693   -0.314    0.150    0.029;
    1.566    0.725  -12.325   -0.316    0.173    0.023;
    1.434    0.516  -12.531   -0.304    0.144    0.029;
    1.305    0.698  -12.325   -0.320    0.141    0.024;
    1.320    0.814  -12.687   -0.352    0.147    0.023;
    1.275    0.910  -12.887   -0.389    0.163    0.020;
    1.272    0.905  -12.885   -0.399    0.166    0.020;
    1.315    0.817  -12.886   -0.396    0.161    0.010;
    1.577    0.745  -12.680   -0.398    0.182   -0.003;
    1.680    0.658  -12.720   -0.410    0.200   -0.010;
    1.610    0.758  -13.043   -0.441    0.206   -0.016;
    1.727    0.791  -13.121   -0.458    0.223   -0.020;
    1.711    0.747  -13.325   -0.464    0.219   -0.019;
    1.710    0.760  -13.649   -0.488    0.233   -0.025;
    1.665    0.762  -13.648   -0.500    0.232   -0.026;
    1.657    0.689  -13.769   -0.514    0.237   -0.030;
    1.697    0.646  -13.686   -0.518    0.243   -0.033;
    1.652    0.537  -13.769   -0.520    0.247   -0.032;
    1.549    0.507  -14.096   -0.528    0.243   -0.028;
    1.449    0.473  -14.053   -0.544    0.237   -0.022;
    1.381    0.581  -14.462   -0.555    0.250   -0.021;
    1.393    0.518  -14.378   -0.566    0.248   -0.025;
    1.447    0.419  -14.378   -0.568    0.256   -0.026;
    1.485    0.310  -14.459   -0.571    0.262   -0.026;
    1.501    0.240  -14.421   -0.561    0.266   -0.026;
    1.400    0.135  -14.180   -0.538    0.252   -0.020;
    1.391    0.199  -14.304   -0.524    0.247   -0.015;
    1.384    0.316  -14.593   -0.504    0.235   -0.011;
    1.459    0.353  -14.271   -0.462    0.227   -0.003;
    1.419    0.325  -14.238   -0.416    0.216    0.007;
    1.380    0.279  -14.244   -0.376    0.197    0.015;
    1.436    0.208  -14.250   -0.334    0.189    0.019;
    1.537    0.181  -14.133   -0.291    0.182    0.028;
    1.534    0.113  -14.184   -0.225    0.161    0.040;
    1.511    0.093  -14.230   -0.181    0.137    0.051;
    1.567    0.169  -14.275   -0.147    0.126    0.053;
    1.607    0.184  -14.238   -0.118    0.113    0.053;
    1.644    0.199  -14.406   -0.091    0.104    0.052;
    1.673    0.077  -14.696   -0.057    0.078    0.054;
    1.708   -0.083  -14.459    0.013    0.031    0.056;
    1.795   -0.040  -14.380    0.044    0.010    0.058;
    1.805    0.082  -14.298    0.056   -0.006    0.060;
    1.786    0.221  -14.584    0.067   -0.028    0.064;
    1.752    0.173  -14.464    0.086   -0.040    0.064;
    1.878   -0.052  -14.512    0.129   -0.044    0.066;
    1.893   -0.391  -14.357    0.193   -0.079    0.074;
    1.793   -0.417  -14.399    0.206   -0.108    0.078;
    1.877   -0.318  -14.602    0.204   -0.112    0.076;
    1.933   -0.270  -14.641    0.199   -0.111    0.078;
    1.833   -0.264  -14.640    0.208   -0.146    0.081;
    1.929   -0.413  -14.562    0.238   -0.154    0.080;
    1.848   -0.496  -14.603    0.238   -0.166    0.085;
    1.747   -0.329  -14.765    0.226   -0.175    0.084;
    1.790   -0.333  -14.643    0.246   -0.200    0.085;
    1.849   -0.556  -14.237    0.275   -0.215    0.090;
    1.764   -0.526  -14.360    0.272   -0.220    0.093;
    1.695   -0.437  -14.563    0.267   -0.234    0.096;
    1.896   -0.429  -14.195    0.295   -0.248    0.099;
    1.903   -0.439  -14.115    0.307   -0.255    0.102;
    1.849   -0.033  -14.152    0.281   -0.236    0.104;
    1.860    0.281  -14.188    0.268   -0.233    0.112;
    1.710    0.289  -14.271    0.255   -0.224    0.108;
    1.541    0.172  -14.111    0.255   -0.227    0.105;
    1.609    0.047  -14.396    0.236   -0.202    0.099;
    1.492    0.012  -14.276    0.236   -0.192    0.098;
    1.588    0.017  -14.397    0.217   -0.155    0.096;
    1.689    0.265  -14.554    0.172   -0.113    0.094;
    1.625    0.641  -14.709    0.118   -0.090    0.094;
    1.742    0.883  -14.704    0.081   -0.036    0.100;
    1.764    0.863  -14.501    0.079   -0.010    0.104;
    1.731    0.731  -14.464    0.085    0.007    0.106;
    1.708    0.507  -14.344    0.082    0.027    0.094;
    1.694    0.287  -14.347    0.074    0.054    0.085;
    1.644    0.012  -14.596    0.059    0.093    0.077;
    1.640   -0.090  -14.515    0.040    0.129    0.068;
    2.093    0.078  -14.508    0.006    0.188    0.045;
    2.022    0.361  -15.241   -0.034    0.222    0.043;
    1.827    0.464  -15.084   -0.015    0.232    0.051;
    1.632    0.047  -14.645    0.030    0.221    0.056;
    1.993    0.097  -14.447    0.062    0.272    0.041;
    1.674    0.028  -14.577    0.081    0.259    0.048;
    1.841    0.045  -14.259    0.117    0.298    0.036;
    1.819   -0.026  -13.938    0.142    0.307    0.036;
    1.702   -0.061  -14.144    0.141    0.306    0.033;
    1.791   -0.054  -14.431    0.138    0.324    0.025;
    1.787   -0.117  -14.801    0.144    0.329    0.022;
    1.943   -0.095  -14.837    0.119    0.349    0.015;
    2.221   -0.171  -14.716    0.130    0.379    0.008;
    2.251   -0.245  -14.638    0.145    0.385    0.002;
    2.314   -0.235  -14.314    0.166    0.391    0.002;
    2.344   -0.196  -14.194    0.179    0.399    0.005;
    2.390   -0.058  -14.233    0.165    0.427    0.013;
    2.402    0.092  -14.639    0.141    0.452    0.021;
    2.364    0.162  -14.758    0.118    0.462    0.023;
    2.376    0.188  -14.432    0.134    0.448    0.024;
    2.258    0.166  -14.392    0.138    0.422    0.024;
    1.804   -0.154  -14.640    0.155    0.335    0.027;
    1.944   -0.668  -14.565    0.198    0.331    0.030;
    1.991   -0.975  -14.287    0.232    0.348    0.031;
    2.141   -0.863  -14.331    0.244    0.379    0.032;
    2.159   -0.578  -14.327    0.223    0.396    0.035;
    2.001   -0.112  -14.766    0.163    0.390    0.032;
    2.096    0.246  -14.839    0.118    0.411    0.026;
    2.221    0.338  -14.675    0.119    0.425    0.021;
    2.089    0.185  -14.518    0.146    0.415    0.021;
    1.988    0.047  -14.236    0.168    0.402    0.025;
    2.160   -0.053  -14.161    0.201    0.423    0.023;
    2.303   -0.109  -14.000    0.219    0.438    0.018;
    2.328   -0.074  -14.043    0.224    0.451    0.019;
    2.287    0.059  -14.448    0.198    0.461    0.024;
    2.259    0.122  -14.733    0.179    0.481    0.024;
    2.372    0.016  -14.533    0.200    0.502    0.023;
    2.309   -0.178  -14.376    0.230    0.507    0.028;
    2.335   -0.224  -14.542    0.237    0.512    0.028;
    2.228   -0.289  -14.583    0.237    0.491    0.027;
    2.143   -0.273  -14.502    0.237    0.489    0.026;
    2.252   -0.244  -14.500    0.231    0.504    0.029;
    2.136   -0.234  -14.540    0.217    0.497    0.026;
    1.989   -0.124  -14.827    0.209    0.495    0.023;
    2.151    0.010  -14.542    0.213    0.530    0.015;
    2.196   -0.091  -14.545    0.227    0.535    0.018;
    2.265   -0.117  -14.584    0.225    0.540    0.022;
    2.270   -0.100  -14.787    0.211    0.552    0.022;
    2.178   -0.105  -14.911    0.204    0.559    0.018;
    2.100   -0.096  -15.161    0.210    0.574    0.014;
    2.179   -0.141  -15.409    0.219    0.591    0.010;
    2.209   -0.204  -15.328    0.225    0.594    0.013;
    2.142   -0.260  -15.003    0.231    0.593    0.012;
    2.029   -0.051  -14.716    0.222    0.595    0.011;
    2.048    0.009  -14.878    0.209    0.606    0.007;
    2.256   -0.087  -14.996    0.196    0.613    0.012;
    2.540   -0.204  -14.988    0.183    0.605    0.013;
    2.978   -0.391  -14.737    0.193    0.588    0.012;
    3.222   -0.765  -14.943    0.212    0.584    0.007;
    3.026   -0.909  -15.071    0.225    0.577    0.003;
    2.819   -0.897  -14.871    0.236    0.570    0.004;
    2.592   -0.655  -14.791    0.231    0.569    0.006;
    2.433   -0.263  -14.543    0.210    0.572    0.006;
    2.234    0.218  -14.660    0.170    0.584    0.007;
    2.150    0.536  -14.737    0.135    0.598    0.011;
    2.120    0.646  -14.816    0.124    0.594    0.013;
    2.136    0.638  -14.693    0.123    0.594    0.016;
    2.211    0.601  -14.651    0.129    0.586    0.015;
    2.351    0.488  -14.773    0.132    0.591    0.015;
    2.503    0.352  -15.060    0.140    0.604    0.016;
    2.605    0.169  -15.021    0.151    0.605    0.015;
    2.613   -0.005  -14.737    0.166    0.600    0.017;
    2.659   -0.060  -14.655    0.171    0.596    0.018;
    2.795   -0.097  -14.734    0.160    0.605    0.019;
    2.878   -0.167  -14.813    0.152    0.606    0.022;
    2.934   -0.199  -14.812    0.152    0.606    0.022;
    2.992   -0.262  -14.731    0.157    0.609    0.021;
    2.970   -0.340  -14.650    0.166    0.598    0.022;
    2.961   -0.426  -14.570    0.174    0.591    0.021;
    2.857   -0.371  -14.694    0.172    0.596    0.016;
    2.735   -0.230  -14.736    0.160    0.610    0.016;
    2.773   -0.034  -14.690    0.139    0.614    0.018;
    2.928    0.135  -14.684    0.126    0.611    0.017;
    3.026    0.174  -14.722    0.119    0.612    0.019;
    3.127    0.150  -14.597    0.118    0.609    0.019;
    3.148    0.115  -14.475    0.126    0.600    0.018;
    3.152   -0.045  -14.395    0.136    0.596    0.019;
    3.152   -0.158  -14.479    0.143    0.595    0.018;
    3.192   -0.133  -14.765    0.143    0.598    0.018;
    3.231   -0.014  -14.680    0.133    0.604    0.018;
    3.230    0.085  -14.721    0.132    0.604    0.017;
    3.148    0.087  -14.682    0.138    0.601    0.017;
    3.064    0.053  -14.643    0.139    0.600    0.020;
    3.080    0.093  -14.436    0.135    0.596    0.021;
    3.079    0.093  -14.559    0.135    0.596    0.020;
    3.078    0.110  -14.560    0.136    0.599    0.019;
    3.135    0.124  -14.435    0.131    0.599    0.020;
    3.218    0.138  -14.596    0.123    0.599    0.021;
    3.341    0.110  -14.674    0.113    0.603    0.022;
    3.296    0.102  -14.799    0.116    0.608    0.021;
    3.273   -0.038  -14.803    0.135    0.606    0.019;
    3.208   -0.188  -14.765    0.149    0.598    0.021;
    3.194   -0.179  -14.766    0.152    0.598    0.021;
    3.232   -0.158  -14.806    0.144    0.608    0.023;
    3.294   -0.138  -15.090    0.134    0.619    0.023;
    3.323   -0.011  -15.005    0.125    0.615    0.025;
    3.393    0.062  -14.962    0.118    0.614    0.023;
    3.449    0.043  -14.960    0.112    0.614    0.022;
    3.517    0.034  -15.041    0.109    0.620    0.024;
    3.541   -0.035  -15.204    0.105    0.626    0.024;
    3.472   -0.057  -15.247    0.112    0.622    0.024;
    3.422   -0.167  -15.086    0.123    0.614    0.023;
    3.368   -0.229  -15.006    0.132    0.612    0.026;
    3.325   -0.207  -15.128    0.126    0.607    0.026;
    3.298   -0.046  -14.881    0.119    0.605    0.025;
    3.284    0.057  -14.756    0.108    0.600    0.023;
    3.269    0.111  -14.753    0.098    0.592    0.020;
    3.229    0.230  -14.505    0.088    0.585    0.020;
    3.115    0.340  -14.463    0.077    0.577    0.017;
    2.938    0.332  -14.301    0.077    0.559    0.018;
    2.650    0.376  -14.141    0.086    0.536    0.019;
    2.140    0.396  -14.223    0.079    0.479    0.020;
    1.252    0.644  -14.182    0.055    0.396    0.029;
    1.984    0.505  -13.360    0.065    0.450    0.026;
    1.908    0.155  -12.059    0.117    0.407    0.022;
    1.441   -0.124  -11.329    0.136    0.341    0.019;
    0.751   -0.135  -10.592    0.128    0.248    0.019;
    0.764   -0.234   -9.608    0.124    0.232    0.016;
    0.714   -0.574   -8.263    0.162    0.186    0.014;
    0.302   -0.839   -6.428    0.189    0.121    0.010;
    0.141   -0.894   -5.281    0.187    0.077    0.006;
